-4277.58 3574.95
-4068.97 3574.95
-3860.36 3574.95
-3651.75 3574.95
-3443.14 3574.95
-3234.53 3574.95
-3025.92 3574.95
-2817.31 3574.95
-2608.70 3574.95
-2400.09 3574.95
-2191.48 3574.95
-1982.87 3574.95
-1774.26 3574.95
-1565.65 3574.95
-1357.04 3574.95
-1148.43 3574.95
-939.82 3574.95
-731.21 3574.95
-522.60 3574.95
-313.99 3574.95
-105.38 3574.95
103.23 3574.95
311.84 3574.95
520.45 3574.95
729.06 3574.95
937.67 3574.95
1146.28 3574.95
1354.89 3574.95
1563.50 3574.95
1772.11 3574.95
1980.72 3574.95
2189.33 3574.95
2397.94 3574.95
2606.55 3574.95
2815.16 3574.95
3023.77 3574.95
3232.38 3574.95
3440.99 3574.95
3649.60 3574.95
3858.21 3574.95
4066.82 3574.95
4275.43 3574.95
-4277.58 1787.49
-4068.97 1787.49
-3860.36 1787.49
-3651.75 1787.49
-3443.14 1787.49
-3234.53 1787.49
-3025.92 1787.49
-2817.31 1787.49
-2608.70 1787.49
-2400.09 1787.49
-2191.48 1787.49
-1982.87 1787.49
-1774.26 1787.49
-1565.65 1787.49
-1357.04 1787.49
-1148.43 1787.49
-939.82 1787.49
-731.21 1787.49
-522.60 1787.49
-313.99 1787.49
-105.38 1787.49
103.23 1787.49
311.84 1787.49
520.45 1787.49
729.06 1787.49
937.67 1787.49
1146.28 1787.49
1354.89 1787.49
1563.50 1787.49
1772.11 1787.49
1980.72 1787.49
2189.33 1787.49
2397.94 1787.49
2606.55 1787.49
2815.16 1787.49
3023.77 1787.49
3232.38 1787.49
3440.99 1787.49
3649.60 1787.49
3858.21 1787.49
4066.82 1787.49
4275.43 1787.49
-4277.58 0.03
-4068.97 0.03
-3860.36 0.03
-3651.75 0.03
-3443.14 0.03
-3234.53 0.03
-3025.92 0.03
-2817.31 0.03
-2608.70 0.03
-2400.09 0.03
-2191.48 0.03
-1982.87 0.03
-1774.26 0.03
-1565.65 0.03
-1357.04 0.03
-1148.43 0.03
-939.82 0.03
-731.21 0.03
-522.60 0.03
-313.99 0.03
-105.38 0.03
103.23 0.03
311.84 0.03
520.45 0.03
729.06 0.03
937.67 0.03
1146.28 0.03
1354.89 0.03
1563.50 0.03
1772.11 0.03
1980.72 0.03
2189.33 0.03
2397.94 0.03
2606.55 0.03
2815.16 0.03
3023.77 0.03
3232.38 0.03
3440.99 0.03
3649.60 0.03
3858.21 0.03
4066.82 0.03
4275.43 0.03
-4277.58 -1787.43
-4068.97 -1787.43
-3860.36 -1787.43
-3651.75 -1787.43
-3443.14 -1787.43
-3234.53 -1787.43
-3025.92 -1787.43
-2817.31 -1787.43
-2608.70 -1787.43
-2400.09 -1787.43
-2191.48 -1787.43
-1982.87 -1787.43
-1774.26 -1787.43
-1565.65 -1787.43
-1357.04 -1787.43
-1148.43 -1787.43
-939.82 -1787.43
-731.21 -1787.43
-522.60 -1787.43
-313.99 -1787.43
-105.38 -1787.43
103.23 -1787.43
311.84 -1787.43
520.45 -1787.43
729.06 -1787.43
937.67 -1787.43
1146.28 -1787.43
1354.89 -1787.43
1563.50 -1787.43
1772.11 -1787.43
1980.72 -1787.43
2189.33 -1787.43
2397.94 -1787.43
2606.55 -1787.43
2815.16 -1787.43
3023.77 -1787.43
3232.38 -1787.43
3440.99 -1787.43
3649.60 -1787.43
3858.21 -1787.43
4066.82 -1787.43
4275.43 -1787.43
-4277.58 -3574.89
-4068.97 -3574.89
-3860.36 -3574.89
-3651.75 -3574.89
-3443.14 -3574.89
-3234.53 -3574.89
-3025.92 -3574.89
-2817.31 -3574.89
-2608.70 -3574.89
-2400.09 -3574.89
-2191.48 -3574.89
-1982.87 -3574.89
-1774.26 -3574.89
-1565.65 -3574.89
-1357.04 -3574.89
-1148.43 -3574.89
-939.82 -3574.89
-731.21 -3574.89
-522.60 -3574.89
-313.99 -3574.89
-105.38 -3574.89
103.23 -3574.89
311.84 -3574.89
520.45 -3574.89
729.06 -3574.89
937.67 -3574.89
1146.28 -3574.89
1354.89 -3574.89
1563.50 -3574.89
1772.11 -3574.89
1980.72 -3574.89
2189.33 -3574.89
2397.94 -3574.89
2606.55 -3574.89
2815.16 -3574.89
3023.77 -3574.89
3232.38 -3574.89
3440.99 -3574.89
3649.60 -3574.89
3858.21 -3574.89
4066.82 -3574.89
4275.43 -3574.89
