189.824 -305.953
338.333 -312.09
212.189 -263.762
334.83 -263.576
338.577 -153.96
210.809 -151.003
226.789 238.94
337.256 250.632
189.075 131.107
342.867 130.34
228.31 35.3009
350.161 36.4007
224.988 -43.9318
302.105 -44.925
195.003 358.325
337.766 357.233
-51.976 -305.953
96.5327 -312.09
-29.6113 -263.762
93.03 -263.576
96.7765 -153.96
-30.9905 -151.003
-15.0114 238.94
95.4557 250.632
-52.7253 131.107
101.067 130.34
-13.4899 35.3009
108.361 36.4007
-16.8122 -43.9318
60.3047 -44.925
-46.797 358.325
95.9663 357.233
-293.776 -305.953
-145.267 -312.09
-271.411 -263.762
-148.77 -263.576
-145.023 -153.96
-272.791 -151.003
-256.811 238.94
-146.344 250.632
-294.525 131.107
-140.733 130.34
-255.29 35.3009
-133.439 36.4007
-258.612 -43.9318
-181.495 -44.925
-288.597 358.325
-145.834 357.233
